149599999994.456421 29760.000591 1000.000000
149599999977.825867 29760.001184 2000.000000
149599999950.108551 29760.001780 3000.000000
149599999911.304749 29760.002377 4000.000000
149599999861.414673 29760.002977 5000.000000
149599999800.438568 29760.003579 6000.000000
149599999728.376648 29760.004184 7000.000000
149599999645.229156 29760.004790 8000.000000
149599999550.996338 29760.005399 9000.000000
149599999445.678436 29760.006010 10000.000000
149599999329.275726 29760.006623 11000.000000
149599999201.788361 29760.007238 12000.000000
149599999063.216675 29760.007856 13000.000000
149599998913.560883 29760.008476 14000.000000
149599998752.821167 29760.009097 15000.000000
149599998580.997803 29760.009722 16000.000000
149599998398.091064 29760.010348 17000.000000
149599998204.101166 29760.010976 18000.000000
149599997999.028381 29760.011607 19000.000000
149599997782.872894 29760.012240 20000.000000
149599997555.634979 29760.012875 21000.000000
149599997317.314880 29760.013513 22000.000000
149599997067.912872 29760.014152 23000.000000
149599996807.429138 29760.014794 24000.000000
149599996535.863983 29760.015438 25000.000000
149599996253.217621 29760.016084 26000.000000
